{
    "a": 0.4016349200033334,
    "b": 0.44700069379062907,
    "c": 0.40306313012870937,
    "d": 0.8183019621306092,
    "e": 0.42344463146318084,
    "f": 0.5992886805643407,
    "g": 0.3779176240058469,
    "h": 0.527528683952443,
    "i": 0.6719525536780588,
    "j": 0.45105890801936543,
    "k": 0.45304930033789537,
    "l": 0.4101471991728201,
    "m": 0.6803555497284274,
    "n": 0.6942476449667149,
    "o": 0.3333891652172295,
    "p": 0.6419996088905393,
    "q": 0.2986341476877176,
    "r": 0.5571286378354326,
    "s": 0.44159906213412126,
    "t": 0.35670928435601407,
    "u": 0.419899287904584,
    "v": 0.6067549621986005,
    "w": 0.5202499412533375,
    "x": 0.40336629220874815,
    "y": 0.5413363063221512,
    "z": 0.4837416835960076,
}
